Index = 39
_solve_time = 6.188

:             xp  xb    :=
1 1 1 1 2 0    1   0
1 1 1 1 5 9    0   1
1 1 2 2 2 0    1   0
1 1 4 5 4 9    0   1
1 2 2 2 3 0    1   0
1 2 3 3 2 0    1   0
1 3 6 2 3 0    1   0
1 4 4 4 5 9    0   1
1 4 5 5 4 9    0   1
1 5 5 4 5 9    0   1
1 5 6 5 5 9    0   1
1 6 6 3 1 0    1   0
1 6 6 5 1 9    0   1
;

r [*] :=
1  3
;

Index = 9
_solve_time = 3.036

:             xp  xb    :=
1 1 1 1 3 28   0   1
1 1 1 1 4 3    1   0
1 1 2 3 4 28   0   1
1 1 4 4 2 3    1   0
1 2 2 4 5 28   0   1
1 2 3 5 4 28   0   1
1 3 4 4 3 28   0   1
1 4 4 2 1 3    1   0
1 4 4 3 1 28   0   1
;

r [*] :=
1  1
;

Index = 10
_solve_time = 3.208

:             xp  xb    :=
1 3 3 5 4 0    0   1
1 3 4 4 3 0    0   1
1 4 4 3 1 0    0   1
1 4 4 5 1 0    1   0
1 5 4 4 5 0    1   0
1 5 5 5 4 0    1   0
1 6 3 3 5 0    0   1
1 6 5 5 5 0    1   0
1 6 6 1 3 0    0   1
1 6 6 1 5 0    1   0
;

r [*] :=
1  1
;

