Index = 0
_solve_time = 2.924

:             xp  xb    :=
;

r [*] :=
1  4
2  1
;

Index = 80
_solve_time = 11.74

:             xp  xb    :=
1 1 1 1 3 7    1   0
1 1 1 1 5 1    0   1
1 1 2 3 4 7    1   0
1 1 4 5 4 1    0   1
1 2 2 4 5 7    1   0
1 2 5 5 2 7    1   0
1 4 4 4 5 1    0   1
1 4 5 5 4 1    0   1
1 5 5 2 1 7    1   0
1 5 5 4 1 1    0   1
2 3 3 4 5 38   0   1
2 3 6 5 3 38   0   1
2 4 3 3 4 38   0   1
2 4 4 1 3 38   0   1
2 4 4 1 5 0    1   0
2 4 5 5 4 0    1   0
2 5 5 4 5 0    1   0
2 5 6 5 5 0    1   0
2 6 6 3 1 38   0   1
2 6 6 5 1 0    1   0
;

r [*] :=
1  4
2  4
;

Index = 36
_solve_time = 13.636

:             xp  xb    :=
1 1 1 2 1 0    1   0
1 1 1 4 1 0    0   1
1 2 1 2 2 0    1   0
1 2 2 1 2 0    1   0
1 2 2 1 5 0    0   1
1 2 5 5 2 0    0   1
1 4 1 2 4 0    0   1
1 4 4 3 2 0    0   1
1 5 4 2 3 0    0   1
2 3 3 1 4 1    0   1
2 3 3 1 5 13   1   0
2 3 4 4 3 1    0   1
2 3 6 5 3 13   1   0
2 4 5 3 2 1    0   1
2 5 5 2 3 1    0   1
2 5 6 3 4 1    0   1
2 6 6 3 1 13   1   0
2 6 6 4 1 1    0   1
;

r [*] :=
1  3
2  1
;

