Index = 0
_solve_time = 3.976

:             xp  xb    :=
;

r [*] :=
1  2
2  3
3  4
;

Index = 109
_solve_time = 26.348

:             xp  xb    :=
1 1 1 1 2 2    1   0
1 1 1 1 5 0    0   1
1 1 2 2 2 2    1   0
1 1 4 5 4 0    0   1
1 2 2 2 3 2    1   0
1 2 3 3 2 2    1   0
1 3 6 2 3 2    1   0
1 4 4 4 5 0    0   1
1 4 5 5 4 0    0   1
1 5 5 4 5 0    0   1
1 5 6 5 5 0    0   1
1 6 6 3 1 2    1   0
1 6 6 5 1 0    0   1
2 3 3 4 5 36   0   1
2 3 6 5 3 36   0   1
2 4 3 3 4 36   0   1
2 4 4 1 3 36   0   1
2 4 4 1 5 0    1   0
2 4 5 5 4 0    1   0
2 5 5 4 5 0    1   0
2 5 6 5 5 0    1   0
2 6 6 3 1 36   0   1
2 6 6 5 1 0    1   0
3 2 5 5 2 9    0   1
3 3 2 4 5 9    0   1
3 3 3 1 2 1    1   0
3 3 3 1 4 9    0   1
3 3 6 2 3 1    1   0
3 5 5 2 3 9    0   1
3 5 6 3 4 9    0   1
3 6 6 3 1 1    1   0
3 6 6 4 1 9    0   1
;

r [*] :=
1  4
2  3
3  3
;

Index = 87
_solve_time = 29.784

:             xp  xb    :=
1 2 5 5 2 0    0   1
1 3 2 4 5 0    0   1
1 4 3 3 4 0    0   1
1 4 4 1 3 0    0   1
1 4 4 1 5 0    1   0
1 4 5 5 4 0    1   0
1 5 5 2 1 0    0   1
1 5 5 4 1 0    1   0
2 1 1 3 1 44   1   0
2 1 1 4 1 9    0   1
2 2 1 4 3 44   1   0
2 2 2 5 4 44   1   0
2 3 3 5 4 9    0   1
2 3 4 4 3 9    0   1
2 4 1 2 4 9    0   1
2 4 4 3 2 9    0   1
2 5 2 2 5 44   1   0
2 5 5 3 2 44   1   0
2 6 3 3 5 9    0   1
2 6 5 4 3 44   1   0
2 6 6 1 3 9    0   1
2 6 6 1 4 44   1   0
3 3 3 5 4 4    0   1
3 3 4 4 3 4    0   1
3 4 5 3 2 4    0   1
3 5 5 2 1 4    0   1
3 5 5 5 1 15   1   0
3 6 3 3 5 4    0   1
3 6 5 5 5 15   1   0
3 6 6 1 3 4    0   1
3 6 6 1 5 15   1   0
;

r [*] :=
1  4
2  2
3  3
;

