Index = 39
_solve_time = 8.168

:             xp  xb    :=
1 1 1 1 2 0    1   0
1 1 1 1 5 0    0   1
1 1 2 2 2 0    1   0
1 1 4 5 4 0    0   1
1 2 2 2 3 0    1   0
1 2 3 3 2 0    1   0
1 3 6 2 3 0    1   0
1 4 4 4 5 0    0   1
1 4 5 5 4 0    0   1
1 5 5 4 5 0    0   1
1 5 6 5 5 0    0   1
1 6 6 3 1 0    1   0
1 6 6 5 1 0    0   1
;

r [*] :=
1  3
;

Index = 6
_solve_time = 1.34

:             xp  xb    :=
1 1 1 1 4 0    0   1
1 1 1 1 5 0    1   0
1 1 4 4 2 0    0   1
1 1 4 5 4 0    1   0
1 4 4 2 1 0    0   1
1 4 4 4 1 0    1   0
;

r [*] :=
1  1
;

Index = 10
_solve_time = 2.064

:             xp  xb    :=
1 4 4 3 1 0    0   1
1 4 4 5 1 0    1   0
1 5 4 2 3 0    0   1
1 5 4 4 5 0    1   0
1 5 5 3 2 0    0   1
1 5 5 5 4 0    1   0
1 6 5 4 3 0    0   1
1 6 5 5 5 0    1   0
1 6 6 1 4 0    0   1
1 6 6 1 5 0    1   0
;

r [*] :=
1  1
;

