Index = 0
_solve_time = 2.876

:             xp  xb    :=
;

r [*] :=
1  4
2  1
;

Index = 80
_solve_time = 17.428

:             xp  xb    :=
1 1 1 1 3 0    0   1
1 1 1 1 5 32   1   0
1 1 2 3 4 0    0   1
1 1 4 5 4 32   1   0
1 2 2 4 5 0    0   1
1 2 5 5 2 0    0   1
1 4 4 4 5 32   1   0
1 4 5 5 4 32   1   0
1 5 5 2 1 0    0   1
1 5 5 4 1 32   1   0
2 4 4 1 3 0    1   0
2 4 4 1 5 0    0   1
2 4 5 3 2 0    1   0
2 4 5 5 4 0    0   1
2 5 5 2 3 0    1   0
2 5 5 4 5 0    0   1
2 5 6 3 4 0    1   0
2 5 6 5 5 0    0   1
2 6 6 4 1 0    1   0
2 6 6 5 1 0    0   1
;

r [*] :=
1  4
2  4
;

Index = 25
_solve_time = 5.14

:             xp  xb    :=
1 1 1 2 1 0    0   1
1 1 1 3 1 0    1   0
1 2 1 2 2 0    0   1
1 2 1 4 3 0    1   0
1 2 2 1 2 0    0   1
1 2 2 1 4 0    1   0
2 3 3 1 2 15   0   1
2 3 3 1 5 0    1   0
2 3 6 2 3 15   0   1
2 3 6 5 3 0    1   0
2 6 6 3 1 0    1   0
2 6 6 3 4 15   0   1
2 6 6 4 1 15   0   1
;

r [*] :=
1  3
2  1
;

