Index = 0
_solve_time = 5.612

:             xp  xb    :=
;

r [*] :=
1  2
2  3
3  4
;

Index = 103
_solve_time = 143.82

:             xp  xb    :=
1 1 1 1 2 27   1   0
1 1 1 1 4 37   0   1
1 1 2 2 2 27   1   0
1 1 4 4 2 37   0   1
1 2 2 2 3 27   1   0
1 2 3 3 2 27   1   0
1 3 6 2 3 27   1   0
1 4 4 2 3 37   0   1
1 4 5 3 2 37   0   1
1 5 5 2 3 37   0   1
1 5 6 3 4 37   0   1
1 6 6 3 1 27   1   0
1 6 6 4 1 37   0   1
2 4 4 1 3 0    0   1
2 4 4 1 5 25   1   0
2 4 5 3 2 0    0   1
2 4 5 5 4 25   1   0
2 5 5 2 3 0    0   1
2 5 5 4 5 25   1   0
2 5 6 3 4 0    0   1
2 5 6 5 5 25   1   0
2 6 6 4 1 0    0   1
2 6 6 5 1 25   1   0
3 3 3 1 2 45   1   0
3 3 3 1 5 45   0   1
3 3 6 2 3 45   1   0
3 3 6 5 3 45   0   1
3 6 6 3 1 45   1   0
3 6 6 3 4 45   0   1
3 6 6 4 1 45   0   1
;

r [*] :=
1  4
2  3
3  3
;

Index = 70
_solve_time = 8.2

:             xp  xb    :=
1 4 4 1 3 0    1   0
1 4 4 1 5 0    0   1
1 4 5 3 2 0    1   0
1 4 5 5 4 0    0   1
1 5 5 2 1 0    1   0
1 5 5 4 1 0    0   1
2 1 1 2 1 0    0   1
2 1 1 3 1 31   1   0
2 2 1 2 2 0    0   1
2 2 1 4 3 31   1   0
2 2 2 3 2 0    0   1
2 2 2 5 4 31   1   0
2 3 2 2 3 0    0   1
2 3 3 3 2 0    0   1
2 5 2 2 5 31   1   0
2 5 5 3 2 31   1   0
2 6 3 2 3 0    0   1
2 6 5 4 3 31   1   0
2 6 6 1 2 0    0   1
2 6 6 1 4 31   1   0
3 5 5 3 1 0    1   0
3 5 5 5 1 0    0   1
3 6 5 4 3 0    1   0
3 6 5 5 5 0    0   1
3 6 6 1 4 0    1   0
3 6 6 1 5 0    0   1
;

r [*] :=
1  4
2  2
3  3
;

