Index = 0
_solve_time = 2.86

:             xp  xb    :=
;

r [*] :=
1  4
2  1
;

Index = 80
_solve_time = 19.64

:             xp  xb    :=
1 1 1 1 4 46   1   0
1 1 1 1 5 46   0   1
1 1 4 4 2 46   1   0
1 1 4 5 4 46   0   1
1 4 4 2 3 46   1   0
1 4 4 4 5 46   0   1
1 4 5 3 2 46   1   0
1 4 5 5 4 46   0   1
1 5 5 2 1 46   1   0
1 5 5 4 1 46   0   1
2 4 4 1 3 38   0   1
2 4 4 1 5 0    1   0
2 4 5 3 2 38   0   1
2 4 5 5 4 0    1   0
2 5 5 2 3 38   0   1
2 5 5 4 5 0    1   0
2 5 6 3 4 38   0   1
2 5 6 5 5 0    1   0
2 6 6 4 1 38   0   1
2 6 6 5 1 0    1   0
;

r [*] :=
1  4
2  4
;

Index = 25
_solve_time = 2.944

:             xp  xb    :=
1 1 1 2 1 0    1   0
1 1 1 3 1 0    0   1
1 2 1 2 2 0    1   0
1 2 1 4 3 0    0   1
1 2 2 1 2 0    1   0
1 2 2 1 4 0    0   1
2 3 3 1 2 0    0   1
2 3 3 1 5 0    1   0
2 3 6 2 3 0    0   1
2 3 6 5 3 0    1   0
2 6 6 3 1 0    1   0
2 6 6 3 4 0    0   1
2 6 6 4 1 0    0   1
;

r [*] :=
1  3
2  1
;

